#Residue rms_heavy[Avg] rms_heavy[Stdev]
   1.000         2.6729           0.7661
   2.000         2.1845           0.8851
   3.000         1.1612           0.4393
   4.000         1.8976           0.8940
   5.000         2.0079           0.7299
   6.000         3.1663           1.4113
   7.000         3.5320           1.2318
   8.000         3.8623           1.3868
   9.000         5.0431           1.9672
  10.000         4.4379           2.1926
  11.000         4.1686           1.9915
  12.000         5.5168           2.3035
  13.000         4.3891           1.9910
  14.000         4.2472           1.1702
  15.000         3.7800           1.4141
  16.000         2.8836           0.9322
  17.000         3.1414           0.9636
  18.000         1.7204           0.5008
  19.000         1.7751           0.6643
  20.000         1.8301           0.7057
  21.000         2.6931           0.9316
  22.000         3.2234           0.8497
  23.000         3.1558           1.6114
  24.000         3.3181           1.5697
  25.000         2.1640           1.0394
  26.000         3.3469           0.9889
  27.000         3.8559           1.9947
  28.000         3.3900           1.4453
  29.000         3.1019           1.1509
  30.000         4.1107           2.2374
  31.000         5.2351           1.6618
  32.000         2.7641           1.0361
  33.000         2.8386           1.1376
  34.000         2.8586           1.3605
  35.000         2.3597           1.1600
  36.000         3.4099           1.2038
  37.000         1.9217           0.9144
  38.000         2.8261           0.6164
  39.000         2.1050           0.9984
  40.000         2.5455           1.3651
  41.000         2.4769           1.2323
  42.000         1.5878           0.6700
  43.000         2.4133           1.1311
  44.000         1.9552           0.7238
  45.000         2.3704           1.2595
  46.000         2.7189           0.8773
  47.000         3.1965           1.2186
  48.000         3.2074           1.6887
  49.000         4.1758           1.9385
  50.000         3.1989           1.6038
  51.000         3.5418           1.8773
  52.000         3.3840           1.8482
  53.000         3.2537           1.8515
  54.000         3.4206           1.9717
  55.000         2.3638           1.2511
  56.000         2.9485           1.4652
  57.000         2.4309           1.0753
  58.000         3.6990           1.3014
  59.000         4.3042           1.6799
  60.000         2.8837           1.4889
  61.000         3.8795           1.3216
  62.000         2.9986           1.5157
  63.000         3.8884           2.0373
  64.000         3.4981           1.6899
  65.000         2.8500           1.4410
  66.000         3.6734           1.6049
  67.000         3.7601           1.8025
  68.000         2.3461           1.2718
  69.000         3.8854           1.8525
  70.000         2.3743           1.5637
  71.000         3.1264           1.4141
  72.000         2.5889           1.1086
  73.000         2.6039           1.0283
  74.000         2.5029           0.9668
  75.000         1.7582           0.6419
  76.000         2.9517           1.0144
  77.000         1.9959           1.0146
  78.000         1.5429           0.6306
  79.000         3.1008           0.9891
  80.000         2.5684           1.1304
  81.000         3.0879           1.5824
  82.000         3.5377           1.7924
  83.000         4.1536           1.3598
  84.000         2.2985           0.8604
  85.000         2.0165           0.7160
  86.000         1.4956           0.4901
  87.000         3.2274           1.1303
  88.000         2.9722           1.0446
  89.000         0.9864           0.3960
  90.000         2.4683           0.8398
  91.000         1.8831           0.6874
  92.000         2.6457           1.3749
  93.000         3.4120           1.1565
  94.000         4.9453           1.4660
  95.000         3.7209           1.0738
  96.000         4.2958           2.2768
  97.000         4.0643           2.1149
  98.000         4.9581           1.7698
  99.000         3.8607           2.0215
 100.000         4.0912           1.7999
 101.000         3.9664           1.4044
 102.000         2.6844           1.3743
 103.000         3.1431           0.9947
 104.000         2.0517           1.0070
 105.000         1.9060           1.0238
 106.000         3.9701           1.7937
 107.000         4.2020           2.0996
 108.000         3.1280           1.6603
 109.000         4.1474           2.3026
 110.000         3.9900           2.1743
 111.000         2.8059           1.4527
 112.000         3.3851           1.7742
 113.000         5.5211           2.5343
 114.000         4.8776           1.9322
 115.000         3.1370           1.4746
 116.000         5.6419           2.3604
 117.000         4.5701           2.3867
 118.000         5.8222           3.5481
 119.000         3.1738           1.0702
 120.000         1.6858           0.6830
 121.000         2.3439           0.8139
 122.000         2.1746           1.2101
 123.000         1.7736           1.0043
 124.000         2.3920           1.4546
 125.000         1.8520           0.9795
 126.000         2.3019           1.0403
 127.000         2.6155           1.0460
 128.000         1.9615           0.9053
 129.000         2.9888           1.4318
 130.000         1.6473           0.7080
 131.000         3.2008           1.8130
 132.000         2.5793           1.1314
 133.000         3.5838           2.0512
 134.000         3.2902           1.6257
 135.000         4.1013           2.1776
 136.000         4.4192           2.4088
 137.000         5.1789           2.7050
 138.000         4.4142           2.5408
 139.000         5.7036           2.4200
 140.000         4.7622           3.0045
 141.000         5.4089           2.4931
 142.000         4.2742           2.4905
 143.000         3.2615           1.9345
 144.000         4.3074           2.8247
 145.000         2.4694           1.3308
 146.000         3.6366           1.7275
 147.000         2.7139           1.4494
 148.000         2.8608           1.7266
 149.000         4.0459           2.1365
 150.000         2.6885           1.7488
 151.000         5.4881           2.8416
 152.000         4.1326           2.0810
 153.000         2.8661           1.8242
 154.000         3.7076           2.5460
 155.000         3.7814           2.5132
 156.000         2.5748           1.6580
 157.000         3.8684           2.5694
 158.000         3.4857           2.2482
 159.000         4.1313           2.4538
 160.000         2.9131           1.4355
 161.000         1.9924           1.0150
 162.000         3.4848           1.2538
 163.000         1.8997           0.9335
 164.000         2.8753           1.5556
 165.000         2.9680           1.6491
 166.000         2.3132           1.1112
 167.000         4.3649           2.0681
 168.000         2.4817           1.0924
 169.000         3.2806           1.6608
 170.000         3.3845           1.4884
 171.000         3.1278           1.2799
 172.000         5.5522           1.6419
 173.000         4.3678           1.1419
