#Residue     Extended       Bridge         3-10        Alpha           Pi         Turn         Bend
       1       0.0000       0.0000       0.0000       0.0000       0.0000       0.0000       0.0000
       2       0.0250       0.0000       0.0000       0.0000       0.0000       0.0000       0.0000
       3       1.0000       0.0000       0.0000       0.0000       0.0000       0.0000       0.0000
       4       1.0000       0.0000       0.0000       0.0000       0.0000       0.0000       0.0000
       5       1.0000       0.0000       0.0000       0.0000       0.0000       0.0000       0.0000
       6       1.0000       0.0000       0.0000       0.0000       0.0000       0.0000       0.0000
       7       0.6530       0.0000       0.0000       0.0000       0.0000       0.0000       0.3470
       8       0.6530       0.0000       0.0000       0.0000       0.0000       0.0000       0.3470
       9       0.0010       0.0030       0.0710       0.0000       0.0000       0.6970       0.2280
      10       0.0000       0.0000       0.0710       0.0000       0.0000       0.8410       0.0880
      11       0.0000       0.0000       0.0710       0.0000       0.0000       0.7870       0.1420
      12       0.6530       0.0000       0.0000       0.0000       0.0000       0.0000       0.0000
      13       0.6530       0.0000       0.0000       0.0000       0.0000       0.0000       0.3470
      14       0.6530       0.0000       0.0000       0.0000       0.0000       0.0000       0.1280
      15       1.0000       0.0000       0.0000       0.0000       0.0000       0.0000       0.0000
      16       0.9970       0.0000       0.0000       0.0000       0.0000       0.0000       0.0000
      17       0.9970       0.0000       0.0000       0.0000       0.0000       0.0000       0.0000
      18       0.9950       0.0030       0.0000       0.0000       0.0000       0.0000       0.0000
      19       0.0010       0.0000       0.0000       0.0000       0.0000       0.0000       0.9580
      20       0.0000       0.0000       0.0000       0.0000       0.0000       0.0000       1.0000
      21       0.0010       0.0000       0.0000       0.0000       0.0000       0.0000       0.0000
      22       0.0010       0.9990       0.0000       0.0000       0.0000       0.0000       0.0000
      23       0.0000       0.0000       0.0000       0.0000       0.0000       0.0000       0.9920
      24       0.0000       0.0000       0.0000       0.0000       0.0000       0.0000       0.0000
      25       0.0000       0.0000       0.0000       0.0000       0.0000       0.0000       0.0030
      26       0.0000       0.0000       0.0140       0.0360       0.0000       0.9500       0.0000
      27       0.0000       0.0000       0.0140       0.0360       0.0000       0.9500       0.0000
      28       0.0000       0.0000       0.0140       0.0360       0.0000       0.9500       0.0000
      29       0.0000       0.0000       0.0000       0.0360       0.0000       0.0000       0.0030
      30       0.0000       0.0000       0.0000       0.0000       0.0000       0.0000       0.9810
      31       0.0000       0.0070       0.0000       0.0000       0.0000       0.0000       0.4380
      32       0.0000       0.0380       0.0000       0.0000       0.0000       0.0000       0.0000
      33       0.0040       0.0000       0.0000       0.0000       0.0000       0.0000       0.1810
      34       0.9940       0.0000       0.0000       0.0000       0.0000       0.0000       0.0000
      35       1.0000       0.0000       0.0000       0.0000       0.0000       0.0000       0.0000
      36       1.0000       0.0000       0.0000       0.0000       0.0000       0.0000       0.0000
      37       0.9990       0.0000       0.0000       0.0000       0.0000       0.0000       0.0000
      38       0.9830       0.0000       0.0000       0.0000       0.0000       0.0000       0.0130
      39       0.9830       0.0010       0.0000       0.0000       0.0000       0.0000       0.0160
      40       0.9650       0.0000       0.0000       0.0000       0.0000       0.0000       0.0340
      41       0.9820       0.0000       0.0000       0.0000       0.0000       0.0000       0.0000
      42       1.0000       0.0000       0.0000       0.0000       0.0000       0.0000       0.0000
      43       1.0000       0.0000       0.0000       0.0000       0.0000       0.0000       0.0000
      44       1.0000       0.0000       0.0000       0.0000       0.0000       0.0000       0.0000
      45       1.0000       0.0000       0.0000       0.0000       0.0000       0.0000       0.0000
      46       0.8240       0.0000       0.0000       0.0000       0.0000       0.0000       0.1760
      47       0.8240       0.0010       0.0000       0.0000       0.0000       0.0000       0.1750
      48       0.0000       0.0000       0.0340       0.0000       0.0000       0.8360       0.1300
      49       0.0000       0.0000       0.0340       0.0000       0.0000       0.9040       0.0620
      50       0.0000       0.0000       0.0340       0.0000       0.0000       0.8800       0.0860
      51       0.8240       0.0010       0.0000       0.0000       0.0000       0.0000       0.0000
      52       0.8240       0.0000       0.0000       0.0000       0.0000       0.0000       0.1760
      53       0.8240       0.0000       0.0000       0.0000       0.0000       0.0000       0.1530
      54       0.9990       0.0000       0.0000       0.0000       0.0000       0.0000       0.0000
      55       1.0000       0.0000       0.0000       0.0000       0.0000       0.0000       0.0000
      56       1.0000       0.0000       0.0000       0.0000       0.0000       0.0000       0.0000
      57       0.9990       0.0000       0.0000       0.0000       0.0000       0.0000       0.0000
      58       0.9730       0.0000       0.0000       0.0000       0.0000       0.0000       0.0000
      59       0.9700       0.0000       0.0000       0.0000       0.0000       0.0000       0.0300
      60       0.9970       0.0000       0.0000       0.0000       0.0000       0.0000       0.0030
      61       1.0000       0.0000       0.0000       0.0000       0.0000       0.0000       0.0000
      62       1.0000       0.0000       0.0000       0.0000       0.0000       0.0000       0.0000
      63       0.0000       0.0000       0.0000       0.0000       0.0000       0.0000       0.8980
      64       0.0000       0.0000       0.0000       0.0000       0.0000       0.0000       0.9960
      65       0.0000       0.0000       0.8010       0.0460       0.0000       0.1430       0.0100
      66       0.0000       0.0000       0.8120       0.0460       0.0000       0.1420       0.0000
      67       0.0000       0.0000       0.8120       0.0460       0.0000       0.1420       0.0000
      68       0.0000       0.0000       0.6180       0.0460       0.0000       0.3360       0.0000
      69       0.0000       0.0000       0.0000       0.0000       0.0000       1.0000       0.0000
      70       0.0000       0.0000       0.0000       0.0000       0.0000       0.0000       0.0000
      71       0.0000       0.0000       0.0000       0.0000       0.0000       0.0000       0.9480
      72       0.0000       0.0000       0.0000       0.0000       0.0000       0.0000       0.6850
      73       0.0000       0.0000       0.0000       0.0000       0.0000       0.0000       0.9910
      74       0.0000       0.0450       0.0000       0.0000       0.0000       0.0000       0.0140
      75       0.0000       0.0000       0.0000       0.0000       0.0000       0.0000       0.0000
      76       0.0000       0.0000       0.0000       0.0000       0.0000       0.0000       0.0550
      77       0.9970       0.0000       0.0000       0.0000       0.0000       0.0000       0.0000
      78       1.0000       0.0000       0.0000       0.0000       0.0000       0.0000       0.0000
      79       1.0000       0.0000       0.0000       0.0000       0.0000       0.0000       0.0000
      80       1.0000       0.0000       0.0000       0.0000       0.0000       0.0000       0.0000
      81       0.2470       0.0000       0.0000       0.0000       0.0000       0.0000       0.0000
      82       0.0000       0.0000       0.0000       0.0000       0.0000       0.0000       0.0000
      83       0.0000       0.0000       0.0000       0.0000       0.0000       0.0000       0.0100
      84       0.0000       0.0000       0.0000       0.0000       0.0000       0.0000       0.0010
      85       0.0000       0.0000       0.0000       0.0000       0.0000       0.0020       0.8390
      86       0.0000       0.0000       0.0000       0.0000       0.0000       0.0020       0.2380
      87       0.0000       0.0000       0.0000       0.0000       0.0000       0.0000       0.0000
      88       0.9920       0.0000       0.0000       0.0000       0.0000       0.0000       0.0000
      89       1.0000       0.0000       0.0000       0.0000       0.0000       0.0000       0.0000
      90       1.0000       0.0000       0.0000       0.0000       0.0000       0.0000       0.0000
      91       1.0000       0.0000       0.0000       0.0000       0.0000       0.0000       0.0000
      92       1.0000       0.0000       0.0000       0.0000       0.0000       0.0000       0.0000
      93       0.3360       0.0000       0.0000       0.0000       0.0000       0.0000       0.6640
      94       0.3360       0.0000       0.0000       0.0000       0.0000       0.0000       0.6640
      95       0.0000       0.0000       0.2770       0.0000       0.0000       0.3760       0.3470
      96       0.0000       0.0000       0.2770       0.0000       0.0000       0.6390       0.0840
      97       0.0000       0.0000       0.2770       0.0000       0.0000       0.5640       0.1590
      98       0.3360       0.0000       0.0000       0.0000       0.0000       0.0000       0.0000
      99       0.3360       0.0000       0.0000       0.0000       0.0000       0.0000       0.6640
     100       0.3360       0.0000       0.0000       0.0000       0.0000       0.0000       0.3070
     101       1.0000       0.0000       0.0000       0.0000       0.0000       0.0000       0.0000
     102       1.0000       0.0000       0.0000       0.0000       0.0000       0.0000       0.0000
     103       1.0000       0.0000       0.0000       0.0000       0.0000       0.0000       0.0000
     104       1.0000       0.0000       0.0000       0.0000       0.0000       0.0000       0.0000
     105       0.0000       0.0000       0.0000       0.0000       0.0000       0.0000       0.9910
     106       0.0000       0.0000       0.0000       0.0000       0.0000       0.0000       1.0000
     107       0.1330       0.0000       0.0000       0.0000       0.0000       0.0000       0.0000
     108       0.1330       0.8650       0.0000       0.0000       0.0000       0.0000       0.0000
     109       0.0000       0.0000       0.0000       0.0000       0.0000       0.0030       0.9970
     110       0.0000       0.0000       0.0000       0.0000       0.0000       0.0030       0.0220
     111       0.0000       0.0000       0.2980       0.4240       0.0000       0.0150       0.2480
     112       0.0000       0.0000       0.3380       0.4240       0.0000       0.2350       0.0010
     113       0.0000       0.0000       0.3380       0.4240       0.0000       0.2300       0.0080
     114       0.0000       0.0000       0.0690       0.4240       0.0000       0.4380       0.0690
     115       0.0000       0.0000       0.0000       0.0000       0.0000       0.0010       0.3590
     116       0.0000       0.0000       0.0000       0.0000       0.0000       0.0030       0.3180
     117       0.0000       0.0000       0.0000       0.0000       0.0000       0.0030       0.5840
     118       0.0000       0.0000       0.0000       0.0000       0.0000       0.0000       0.8200
     119       0.0000       0.4010       0.0000       0.0000       0.0000       0.0000       0.0070
     120       0.0000       0.0000       0.0000       0.0000       0.0000       0.0000       0.0000
     121       0.0000       0.0000       0.0000       0.0000       0.0000       0.0000       0.1050
     122       0.9990       0.0000       0.0000       0.0000       0.0000       0.0000       0.0000
     123       1.0000       0.0000       0.0000       0.0000       0.0000       0.0000       0.0000
     124       1.0000       0.0000       0.0000       0.0000       0.0000       0.0000       0.0000
     125       0.9880       0.0000       0.0000       0.0000       0.0000       0.0000       0.0000
     126       0.8810       0.0000       0.0000       0.0000       0.0000       0.0000       0.0180
     127       0.8810       0.1110       0.0000       0.0000       0.0000       0.0000       0.0080
     128       0.0000       0.0000       0.0000       0.0000       0.0000       0.0000       0.9920
     129       0.0980       0.0000       0.0000       0.0000       0.0000       0.0000       0.0000
     130       1.0000       0.0000       0.0000       0.0000       0.0000       0.0000       0.0000
     131       1.0000       0.0000       0.0000       0.0000       0.0000       0.0000       0.0000
     132       1.0000       0.0000       0.0000       0.0000       0.0000       0.0000       0.0000
     133       1.0000       0.0000       0.0000       0.0000       0.0000       0.0000       0.0000
     134       0.3430       0.0000       0.0000       0.0000       0.0000       0.0000       0.6570
     135       0.3430       0.0040       0.0000       0.0000       0.0000       0.0000       0.6530
     136       0.0000       0.0000       0.0970       0.0000       0.0000       0.4080       0.4950
     137       0.0000       0.0000       0.0970       0.0000       0.0000       0.7050       0.1980
     138       0.0000       0.0000       0.0970       0.0000       0.0000       0.6370       0.2660
     139       0.3430       0.0040       0.0000       0.0000       0.0000       0.0000       0.0000
     140       0.3430       0.0000       0.0000       0.0000       0.0000       0.0000       0.6570
     141       0.3430       0.0000       0.0000       0.0000       0.0000       0.0000       0.3100
     142       0.9920       0.0000       0.0000       0.0000       0.0000       0.0000       0.0000
     143       1.0000       0.0000       0.0000       0.0000       0.0000       0.0000       0.0000
     144       1.0000       0.0000       0.0000       0.0000       0.0000       0.0000       0.0000
     145       0.9990       0.0000       0.0000       0.0000       0.0000       0.0000       0.0000
     146       0.0000       0.0000       0.0000       0.0000       0.0000       0.0000       0.0000
     147       0.0000       0.0000       0.0000       0.0000       0.0000       0.0000       1.0000
     148       0.9450       0.0000       0.0000       0.0000       0.0000       0.0000       0.0530
     149       1.0000       0.0000       0.0000       0.0000       0.0000       0.0000       0.0000
     150       1.0000       0.0000       0.0000       0.0000       0.0000       0.0000       0.0000
     151       0.0000       0.0000       0.0000       0.0000       0.0000       0.0000       0.6720
     152       0.0000       0.0000       0.0000       0.0000       0.0000       0.0000       1.0000
     153       0.0000       0.0000       0.7950       0.0920       0.0000       0.1100       0.0030
     154       0.0000       0.0000       0.7980       0.0920       0.0000       0.1100       0.0000
     155       0.0000       0.0000       0.7980       0.0920       0.0000       0.1100       0.0000
     156       0.0000       0.0000       0.5180       0.0920       0.0000       0.3900       0.0000
     157       0.0000       0.0000       0.0000       0.0000       0.0000       0.9940       0.0010
     158       0.0000       0.0000       0.0000       0.0000       0.0000       0.0000       0.0000
     159       0.0000       0.0000       0.0000       0.0000       0.0000       0.0000       1.0000
     160       0.0000       0.0000       0.0000       0.0000       0.0000       0.0000       0.9820
     161       0.0000       0.0000       0.0000       0.0000       0.0000       0.0000       0.6580
     162       0.0000       0.4010       0.0000       0.0000       0.0000       0.0000       0.0000
     163       0.0000       0.0000       0.0000       0.0000       0.0000       0.0000       0.0000
     164       0.0000       0.0000       0.0000       0.0000       0.0000       0.0000       0.2010
     165       0.9980       0.0000       0.0000       0.0000       0.0000       0.0000       0.0000
     166       1.0000       0.0000       0.0000       0.0000       0.0000       0.0000       0.0000
     167       1.0000       0.0000       0.0000       0.0000       0.0000       0.0000       0.0000
     168       1.0000       0.0000       0.0000       0.0000       0.0000       0.0000       0.0000
     169       0.0980       0.0000       0.0000       0.0000       0.0000       0.0000       0.0470
     170       0.0000       0.0000       0.0000       0.0000       0.0000       0.0000       0.0120
     171       0.0000       0.0000       0.0000       0.0000       0.0000       0.0000       0.0050
     172       0.0000       0.0000       0.0000       0.0000       0.0000       0.0000       0.0000
     173       0.0000       0.0000       0.0000       0.0000       0.0000       0.0000       0.0000
