Residue Number,Minimum Distance
1,27.2
2,24.05
3,25.61
4,26.81
5,23.84
6,18.89
7,24.26
8,24.92
9,20.49
10,19.16
11,23.8
12,23.58
13,20.53
14,19.73
15,16.47
16,16.6
17,18.93
18,18.85
19,11.74
20,15.92
21,20.12
22,17.85
23,11.36
24,20.2
25,22.25
26,19.02
27,20.3
28,21.51
29,22.07
30,23.05
31,19.54
32,23.91
33,23.11
34,19.52
35,18.19
36,23.73
37,24.44
38,24.36
39,20.02
40,18.36
41,18.73
42,16.58
43,14.46
44,9.35
45,5.76
46,13.09
47,10.86
48,10.05
49,14.44
50,16.79
51,19.06
52,22.77
53,23.54
54,21.15
55,21.59
56,21.1
57,24.41
58,23.39
59,28.15
60,27.06
61,32.07
62,29.36
63,25.62
64,24.54
65,18.01
66,18.57
67,14.22
68,16.88
69,16.99
70,20.07
71,16.61
72,22.58
73,21.97
74,26.91
75,28.74
76,25.82
77,27.41
78,23.16
79,21.83
80,18.42
81,16.22
82,13.31
83,11.22
84,10.89
85,10.16
86,12.94
87,13.83
88,16.12
89,18.77
90,16.99
91,18.21
92,21.84
93,21.37
94,16.1
95,20.11
96,23.84
97,18.48
98,20.8
99,25.14
100,26.95
101,24.17
102,26.47
103,22.63
104,23.7
105,20.02
106,16.47
107,13.21
108,10.86
109,6.48
110,6.65
111,6.61
112,9.63
113,8.01
114,3.44
115,3.21
116,8.83
117,7.94
118,8.78
119,3.74
120,9.8
121,13.13
122,15.91
123,14.41
124,14.75
125,21.88
126,18.16
127,24.16
128,27.08
129,29.5
130,26.59
131,27.72
132,21.9
133,27.13
134,22.62
135,28.41
136,25.22
137,26.19
138,29.72
139,26.37
140,28.14
141,22.59
142,26.61
143,23.25
144,26.77
145,24.07
146,20.99
147,20.16
148,18.83
149,17.14
150,14.95
151,12.22
152,14.38
153,15.71
154,18.68
155,16.47
156,23.5
157,21.63
158,27.18
159,25.57
160,29.56
161,31.61
162,32.57
163,34.9
164,35.85
165,36.42
166,33.28
167,32.23
168,28.76
169,27.19
170,22.54
171,20.56
172,15.77
173,14.35
174,11.08
175,9.02
176,8.58
177,7.12
178,3.68
179,1.32
180,0.0
181,1.33
182,3.0
183,6.34
184,8.63
185,10.6
186,13.25
187,15.63
188,17.41
189,13.69
190,12.86
191,16.41
192,18.24
193,13.83
194,16.99
195,19.76
196,20.06
197,17.72
198,21.75
199,24.23
200,23.25
201,25.9
202,22.57
203,20.84
204,26.1
205,28.93
206,30.57
207,27.47
208,24.75
209,21.93
210,18.99
211,16.26
212,12.95
213,9.68
214,3.93
215,5.03
216,6.29
217,8.09
218,8.42
219,7.26
220,3.38
221,8.87
222,10.84
223,10.0
224,12.61
225,14.9
226,16.15
227,16.78
228,18.64
229,20.74
230,20.95
231,21.1
232,24.75
233,25.46
234,25.65
235,28.82
236,30.79
237,29.69
238,32.56
239,30.51
240,28.16
241,30.19
242,29.29
243,24.7
244,23.74
245,19.18
246,21.08
247,23.04
248,20.76
249,16.01
250,20.3
251,21.42
252,17.91
253,13.59
254,20.46
255,18.79
256,12.31
257,12.99
258,10.85
259,12.15
260,10.47
261,5.1
262,6.96
263,11.14
264,9.82
265,5.35
266,11.85
267,13.86
268,11.91
269,13.49
270,16.7
271,16.25
272,16.44
273,19.09
274,21.43
275,21.23
276,22.12
277,24.47
278,25.8
279,26.28
280,26.36
281,29.97
282,31.84
283,29.44
284,29.16
285,28.5
286,25.02
287,24.4
288,25.55
289,23.55
290,20.71
291,21.91
292,22.45
293,19.32
294,17.61
295,19.16
296,19.5
297,21.49
298,20.26
