Residue Number,Minimum Distance
84,21.8
85,26.11
86,26.63
87,21.61
88,25.78
89,20.33
90,25.36
91,22.28
92,24.82
93,29.03
94,27.77
95,22.13
96,22.69
97,21.05
98,28.91
99,30.98
100,32.33
101,27.99
102,28.17
103,28.59
104,26.59
105,28.84
106,29.29
107,24.75
108,26.97
109,28.65
110,29.91
111,25.49
112,27.34
113,32.85
114,31.79
115,28.41
116,34.37
117,29.2
118,28.16
119,24.49
120,22.18
121,23.04
122,21.83
123,18.18
124,21.54
125,17.84
126,24.16
127,24.09
128,20.38
129,15.76
130,18.61
131,15.98
132,17.24
133,18.98
134,19.69
135,23.32
136,27.55
137,27.59
138,22.85
139,23.47
140,20.11
141,14.69
142,14.76
143,13.07
144,10.52
145,14.73
146,10.43
147,16.58
148,17.26
149,19.08
150,12.94
151,19.64
152,16.57
153,17.33
154,14.7
155,14.21
156,13.35
157,10.47
158,15.0
159,14.86
160,19.93
161,21.54
162,22.21
163,20.7
164,24.39
165,23.23
166,21.61
167,21.29
168,22.91
169,17.01
170,23.65
171,23.06
172,26.53
173,27.91
