Residue Number,Minimum Distance
1,19.86
2,19.22
3,14.14
4,19.17
5,12.19
6,19.77
7,17.09
8,22.33
9,23.36
10,25.44
11,23.08
12,25.51
13,23.15
14,16.35
15,19.57
16,12.42
17,17.86
18,11.84
19,17.33
20,13.1
21,9.07
22,8.54
23,3.64
24,5.54
25,8.36
26,7.15
27,10.08
28,11.47
29,12.57
30,15.77
31,16.08
32,14.09
33,19.25
34,20.95
35,17.27
36,21.57
37,18.02
38,22.6
39,22.35
40,19.92
41,17.35
42,12.16
43,10.27
44,11.07
45,5.82
46,9.57
47,5.84
48,3.18
49,0.0
50,3.02
51,4.26
52,8.05
53,11.92
54,8.99
55,12.7
56,15.83
57,15.2
58,20.14
59,23.2
60,23.71
61,24.61
62,20.09
63,25.35
64,21.85
65,18.03
66,22.43
67,22.63
68,15.38
69,19.22
70,17.02
71,17.49
72,14.82
73,16.47
74,10.72
75,10.03
76,6.36
77,3.58
78,9.16
79,5.62
80,13.37
81,13.15
82,14.51
83,21.21
84,21.8
85,26.11
86,26.63
87,21.61
88,25.78
89,20.33
90,25.36
91,22.28
92,24.82
93,29.03
94,27.77
95,22.13
96,22.69
97,21.05
98,28.91
99,30.98
100,32.33
101,27.99
102,28.17
103,28.59
104,26.59
105,28.84
106,29.29
107,24.75
108,26.97
109,28.65
110,29.91
111,25.49
112,27.34
113,32.85
114,31.79
115,28.41
116,34.37
117,29.2
118,28.16
119,24.49
120,22.18
121,23.04
122,21.83
123,18.18
124,21.54
125,17.84
126,24.16
127,24.09
128,20.38
129,15.76
130,18.61
131,15.98
132,17.24
133,18.98
134,19.69
135,23.32
136,27.55
137,27.59
138,22.85
139,23.47
140,20.11
141,14.69
142,14.76
143,13.07
144,10.52
145,14.73
146,10.43
147,16.58
148,17.26
149,19.08
150,12.94
151,19.64
152,16.57
153,17.33
154,14.7
155,14.21
156,13.35
157,10.47
158,15.0
159,14.86
160,19.93
161,21.54
162,22.21
163,20.7
164,24.39
165,23.23
166,21.61
167,21.29
168,22.91
169,17.01
170,23.65
171,23.06
172,26.53
173,27.91
