Residue Number,Minimum Distance
88,35.43
89,10.26
90,3.62
91,3.51
92,6.66
93,4.65
94,10.04
95,7.09
96,4.15
97,11.31
98,12.55
99,14.12
100,19.22
101,21.53
102,22.93
103,27.76
104,21.63
105,25.85
106,19.22
107,25.38
108,22.16
109,13.63
110,19.98
111,21.9
112,17.19
113,11.61
114,17.74
115,18.36
116,12.08
117,13.31
118,17.47
119,15.2
120,7.05
121,10.99
122,8.3
123,11.25
124,15.23
125,12.8
126,7.6
127,13.31
128,15.25
129,8.32
130,6.42
131,13.62
132,15.69
133,11.84
134,7.08
135,14.74
136,17.17
137,10.31
138,10.4
139,17.95
140,21.45
141,21.26
142,25.41
143,22.23
144,18.79
145,25.0
146,25.9
147,21.58
148,20.84
149,28.84
150,26.46
151,26.3
152,22.95
153,26.41
154,25.19
155,24.85
156,19.94
157,27.32
158,27.31
159,20.86
160,23.71
161,29.6
162,28.83
163,24.83
164,30.53
165,31.87
166,26.94
167,28.27
168,30.56
169,32.57
170,28.67
171,31.68
172,34.62
173,36.07
174,29.89
175,33.34
176,36.06
